15
Vibrio_phage_vB_VpP_NS8            0.0000000 0.1271806 0.0628069 0.0628069 0.2523093 0.1271806 0.4248738 0.4248738 0.0618555 0.0000010 0.0650731 0.1924038 0.1919968 0.1398092 0.0618555 
Vibrio_phage_vB_VpP_DE17           0.1271806 0.0000000 0.1926844 0.1926844 0.1247059 0.0000010 0.5281634 0.5281634 0.1893715 0.1271806 0.2008430 0.3222203 0.1937719 0.2848041 0.1893715 
Vibrio_phage_F23s2                 0.0628069 0.1926844 0.0000000 0.0000010 0.3151966 0.1926844 0.4784013 0.4784013 0.1253241 0.0628069 0.0649876 0.2579889 0.2576086 0.0686822 0.1253241 
Vibrio_phage_H256D1                0.0628069 0.1926844 0.0000010 0.0000000 0.3151966 0.1926844 0.4784013 0.4784013 0.1253241 0.0628069 0.0649876 0.2579889 0.2576086 0.0686822 0.1253241 
Vibrio_phage_vB_VpP_FE11           0.2523093 0.1247059 0.3151966 0.3151966 0.0000000 0.1247059 0.6046638 0.6046638 0.3095201 0.2523093 0.3296008 0.3267898 0.2596630 0.3601977 0.3095201 
Vibrio_phage_vB_VpaP_KF1           0.1271806 0.0000010 0.1926844 0.1926844 0.1247059 0.0000000 0.5281634 0.5281634 0.1893715 0.1271806 0.2008430 0.3222203 0.1937719 0.2848041 0.1893715 
Vibrio_phage_vB_VpaP_C2            0.4248738 0.5281634 0.4784013 0.4784013 0.6046638 0.5281634 0.0000000 0.0000010 0.4699454 0.4248738 0.5006456 0.5750883 0.5768137 0.5758223 0.4699454 
Vibrio_phage_vB_VpaP_M3            0.4248738 0.5281634 0.4784013 0.4784013 0.6046638 0.5281634 0.0000010 0.0000000 0.4699454 0.4248738 0.5006456 0.5750883 0.5768137 0.5758223 0.4699454 
Vibrio_phage_vB_VpP_AC2            0.0618555 0.1893715 0.1253241 0.1253241 0.3095201 0.1893715 0.4699454 0.4699454 0.0000000 0.0618555 0.1301456 0.2533401 0.2529622 0.2083082 0.0000010 
UNVERIFIED_ORG__Vibrio_phage_SSJ01 0.0000010 0.1271806 0.0628069 0.0628069 0.2523093 0.1271806 0.4248738 0.4248738 0.0618555 0.0000000 0.0650731 0.1924038 0.1919968 0.1398092 0.0618555 
Vibrio_phage_VP93                  0.0650731 0.2008430 0.0649876 0.0649876 0.3296008 0.2008430 0.5006456 0.5006456 0.1301456 0.0650731 0.0000000 0.2696422 0.2692586 0.1457509 0.1301456 
Vibrio_phage_vB_VpaP_GHSM17        0.1924038 0.3222203 0.2579889 0.2579889 0.3267898 0.3222203 0.5750883 0.5750883 0.2533401 0.1924038 0.2696422 0.0000000 0.3848720 0.2965886 0.2533401 
Vibrio_phage_vB_VpP_DE18           0.1919968 0.1937719 0.2576086 0.2576086 0.2596630 0.1937719 0.5768137 0.5768137 0.2529622 0.1919968 0.2692586 0.3848720 0.0000000 0.3561144 0.2529622 
Vibrio_phage_vB_VpaP_1701          0.1398092 0.2848041 0.0686822 0.0686822 0.3601977 0.2848041 0.5758223 0.5758223 0.2083082 0.1398092 0.1457509 0.2965886 0.3561144 0.0000000 0.2083082 
vB_VpP_AC2_0                       0.0618555 0.1893715 0.1253241 0.1253241 0.3095201 0.1893715 0.4699454 0.4699454 0.0000010 0.0618555 0.1301456 0.2533401 0.2529622 0.2083082 0.0000000 
