15
UNVERIFIED_ORG__Vibrio_phage_SSJ01 0.0000000 0.0628069 0.0628069 0.4248737 0.0618555 0.0000010 0.1398092 0.2523093 0.1271805 0.1271805 0.0650731 0.1919968 0.1924038 0.4248737 0.0618555 
Vibrio_phage_vB_Vc_SrVc2           0.0628069 0.0000000 0.0000010 0.4784012 0.1253240 0.0628069 0.0686822 0.3151965 0.1926844 0.1926844 0.0649875 0.2576085 0.2579888 0.4784012 0.1253240 
Vibrio_phage_vB_VpP_HA7            0.0628069 0.0000010 0.0000000 0.4784012 0.1253240 0.0628069 0.0686822 0.3151965 0.1926844 0.1926844 0.0649875 0.2576085 0.2579888 0.4784012 0.1253240 
Vibrio_phage_vB_VpaP_C2            0.4248737 0.4784012 0.4784012 0.0000000 0.4699453 0.4248737 0.5758222 0.6046637 0.5281634 0.5281634 0.5006455 0.5768136 0.5750883 0.0000010 0.4699453 
Vibrio_phage_vB_VpP_AC2            0.0618555 0.1253240 0.1253240 0.4699453 0.0000000 0.0618555 0.2083081 0.3095201 0.1893714 0.1893714 0.1301456 0.2529622 0.2533401 0.4699453 0.0000010 
Vibrio_phage_OY1                   0.0000010 0.0628069 0.0628069 0.4248737 0.0618555 0.0000000 0.1398092 0.2523093 0.1271805 0.1271805 0.0650731 0.1919968 0.1924038 0.4248737 0.0618555 
Vibrio_phage_vB_VpaP_1701          0.1398092 0.0686822 0.0686822 0.5758222 0.2083081 0.1398092 0.0000000 0.3601976 0.2848040 0.2848040 0.1457508 0.3561143 0.2965885 0.5758222 0.2083081 
Vibrio_phage_vB_VpP_FE11           0.2523093 0.3151965 0.3151965 0.6046637 0.3095201 0.2523093 0.3601976 0.0000000 0.1247059 0.1247059 0.3296007 0.2596630 0.3267897 0.6046637 0.3095201 
Vibrio_phage_vB_VpP_DE17           0.1271805 0.1926844 0.1926844 0.5281634 0.1893714 0.1271805 0.2848040 0.1247059 0.0000000 0.0000010 0.2008430 0.1937719 0.3222202 0.5281634 0.1893714 
Vibrio_phage_vB_VpaP_KF1           0.1271805 0.1926844 0.1926844 0.5281634 0.1893714 0.1271805 0.2848040 0.1247059 0.0000010 0.0000000 0.2008430 0.1937719 0.3222202 0.5281634 0.1893714 
Vibrio_phage_VP93                  0.0650731 0.0649875 0.0649875 0.5006455 0.1301456 0.0650731 0.1457508 0.3296007 0.2008430 0.2008430 0.0000000 0.2692586 0.2696421 0.5006455 0.1301456 
Vibrio_phage_vB_VpP_DE18           0.1919968 0.2576085 0.2576085 0.5768136 0.2529622 0.1919968 0.3561143 0.2596630 0.1937719 0.1937719 0.2692586 0.0000000 0.3848719 0.5768136 0.2529622 
Vibrio_phage_vB_VpaP_GHSM17        0.1924038 0.2579888 0.2579888 0.5750883 0.2533401 0.1924038 0.2965885 0.3267897 0.3222202 0.3222202 0.2696421 0.3848719 0.0000000 0.5750883 0.2533401 
Vibrio_phage_vB_VpaP_M3            0.4248737 0.4784012 0.4784012 0.0000010 0.4699453 0.4248737 0.5758222 0.6046637 0.5281634 0.5281634 0.5006455 0.5768136 0.5750883 0.0000000 0.4699453 
vB_VpP_AC2_0                       0.0618555 0.1253240 0.1253240 0.4699453 0.0000010 0.0618555 0.2083081 0.3095201 0.1893714 0.1893714 0.1301456 0.2529622 0.2533401 0.4699453 0.0000000 
