21
Vibrio_phage_PH669_Scaffold1_genomic_sequence  0.0000000 0.2470328 0.9568410 0.5837265 0.5306502 0.9529733 0.2600754 0.2470328 0.9556189 0.0019956 0.9544292 0.0019956 0.2451285 0.0020049 0.5258462 0.9544292 0.0019975 0.9570736 0.9553965 0.5547355 0.5258462 
Vibrio_phage_vB_VpaS_ALK                       0.2470328 0.0000000 0.9410118 0.5438154 0.4827633 0.9339924 0.0262785 0.0000010 0.9335808 0.2446153 0.9326923 0.2446153 0.0265279 0.2483451 0.5324115 0.9326923 0.2456515 0.9353070 0.9387306 0.4775136 0.5324115 
Escherichia_phage_Skure                        0.9568410 0.9410118 0.0000000 1.0060835 1.1226150 0.0080927 0.9481163 0.9410118 0.0081064 0.9554574 0.0141811 0.9554574 0.9154166 0.9551127 1.1128593 0.0141811 0.9568410 0.0121375 0.0101085 1.1379379 1.1128593 
Alteromonas_phage_vB_AcoS-R7M                  0.5837265 0.5438154 1.0060835 0.0000000 0.5856875 1.0008274 0.5406447 0.5438154 0.9918486 0.5832796 0.9962298 0.5832796 0.5355176 0.5820809 0.5893938 0.9962298 0.5823355 0.9990050 1.0049391 0.5728091 0.5893938 
UNVERIFIED__Vibrio_phage_GH32                  0.5306502 0.4827633 1.1226150 0.5856875 0.0000000 1.1145317 0.4994624 0.4827633 1.1189810 0.5301866 1.1034515 0.5301866 0.4997287 0.5295113 0.2839735 1.1034515 0.5306502 1.1063317 1.1088114 0.0494784 0.2839735 
Escherichia_phage_vB_EcoS_SA126VB              0.9529733 0.9339924 0.0080927 1.0008274 1.1145317 0.0000000 0.9410813 0.9339924 0.0040420 0.9515930 0.0060443 0.9515930 0.9085450 0.9512434 1.1080938 0.0060443 0.9529733 0.0080712 0.0060483 1.1297183 1.1080938 
Vibrio_phage_vB_VhaS-tm                        0.2600754 0.0262785 0.9481163 0.5406447 0.4994624 0.9410813 0.0000000 0.0262785 0.9406433 0.2576381 0.9410031 0.2576381 0.0285327 0.2614614 0.5352677 0.9410031 0.2586279 0.9436225 0.9470433 0.4927347 0.5352677 
Vibrio_phage_vB_VpaS_CHI                       0.2470328 0.0000010 0.9410118 0.5438154 0.4827633 0.9339924 0.0262785 0.0000000 0.9335808 0.2446153 0.9326923 0.2446153 0.0265279 0.2483451 0.5324115 0.9326923 0.2456515 0.9353070 0.9387306 0.4775136 0.5324115 
Escherichia_phage_GottfriedDienst_strain_Bas21 0.9556189 0.9335808 0.0081064 0.9918486 1.1189810 0.0040420 0.9406433 0.9335808 0.0000000 0.9542368 0.0101209 0.9542368 0.9082316 0.9538906 1.1242059 0.0101209 0.9556189 0.0080847 0.0101276 1.1342252 1.1242059 
UNVERIFIED__Vibrio_phage_VspDsh_1              0.0019956 0.2446153 0.9554574 0.5832796 0.5301866 0.9515930 0.2576381 0.2446153 0.9542368 0.0000000 0.9530495 0.0000010 0.2426892 0.0040108 0.5253701 0.9530495 0.0039960 0.9556921 0.9540150 0.5542814 0.5253701 
Aeromonas_phage_SD04                           0.9544292 0.9326923 0.0141811 0.9962298 1.1034515 0.0060443 0.9410031 0.9326923 0.0101209 0.9530495 0.0000000 0.9530495 0.9072245 0.9527021 1.1172389 0.0000010 0.9544292 0.0020138 0.0040341 1.1184456 1.1172389 
Vibrio_phage_vB_VpS_BA3                        0.0019956 0.2446153 0.9554574 0.5832796 0.5301866 0.9515930 0.2576381 0.2446153 0.9542368 0.0000010 0.9530495 0.0000000 0.2426892 0.0040108 0.5253701 0.9530495 0.0039960 0.9556921 0.9540150 0.5542814 0.5253701 
Vibrio_phage_pVco-14                           0.2451285 0.0265279 0.9154166 0.5355176 0.4997287 0.9085450 0.0285327 0.0265279 0.9082316 0.2426892 0.9072245 0.2426892 0.0000000 0.2464422 0.5350721 0.9072245 0.2437436 0.9097870 0.9131780 0.4929781 0.5350721 
Vibrio_phage_V07                               0.0020049 0.2483451 0.9551127 0.5820809 0.5295113 0.9512434 0.2614614 0.2483451 0.9538906 0.0040108 0.9527021 0.0040108 0.2464422 0.0000000 0.5288133 0.9527021 0.0040146 0.9553482 0.9536686 0.5535618 0.5288133 
Vibrio_phage_2.117.O._10N.261.45.E9            0.5258462 0.5324115 1.1128593 0.5893938 0.2839735 1.1080938 0.5352677 0.5324115 1.1242059 0.5253701 1.1172389 0.5253701 0.5350721 0.5288133 0.0000000 1.1172389 0.5258462 1.1201600 1.1223255 0.2814043 0.0000010 
Escherichia_phage_vB_EcoS_OddieOddie           0.9544292 0.9326923 0.0141811 0.9962298 1.1034515 0.0060443 0.9410031 0.9326923 0.0101209 0.9530495 0.0000010 0.9530495 0.9072245 0.9527021 1.1172389 0.0000000 0.9544292 0.0020138 0.0040341 1.1184456 1.1172389 
Vibrio_phage_vB_VpaS_AL-2                      0.0019975 0.2456515 0.9568410 0.5823355 0.5306502 0.9529733 0.2586279 0.2456515 0.9556189 0.0039960 0.9544292 0.0039960 0.2437436 0.0040146 0.5258462 0.9544292 0.0000000 0.9570736 0.9553965 0.5547355 0.5258462 
Escherichia_phage_SeppeHuegi_strain_Bas24      0.9570736 0.9353070 0.0121375 0.9990050 1.1063317 0.0080712 0.9436225 0.9353070 0.0080847 0.9556921 0.0020138 0.9556921 0.9097870 0.9553482 1.1201600 0.0020138 0.9570736 0.0000000 0.0060616 1.1213605 1.1201600 
Escherichia_phage_VogelGryff_strain_Bas25      0.9553965 0.9387306 0.0101085 1.0049391 1.1088114 0.0060483 0.9470433 0.9387306 0.0101276 0.9540150 0.0040341 0.9540150 0.9131780 0.9536686 1.1223255 0.0040341 0.9553965 0.0060616 0.0000000 1.1238644 1.1223255 
Vibrio_phage_VpKK5                             0.5547355 0.4775136 1.1379379 0.5728091 0.0494784 1.1297183 0.4927347 0.4775136 1.1342252 0.5542814 1.1184456 0.5542814 0.4929781 0.5535618 0.2814043 1.1184456 0.5547355 1.1213605 1.1238644 0.0000000 0.2814043 
Vibrio_phage_1.207.B._10N.222.51.C2            0.5258462 0.5324115 1.1128593 0.5893938 0.2839735 1.1080938 0.5352677 0.5324115 1.1242059 0.5253701 1.1172389 0.5253701 0.5350721 0.5288133 0.0000010 1.1172389 0.5258462 1.1201600 1.1223255 0.2814043 0.0000000 
