21
Vibrio_phage_vB_VpaS_AL-2                      0.0000000 1.2758270 0.6503056 0.6234147 0.0039965 0.2628636 0.6234147 1.2804278 0.2628636 0.2785056 0.0040209 0.0019981 0.7098202 1.2786986 1.2818506 0.6147179 0.0039965 1.2765438 1.2811351 1.2765438 0.2626639 
Escherichia_phage_vB_EcoS_SA126VB              1.2758270 0.0000000 1.6124278 1.5895215 1.2736392 1.2513134 1.5895215 0.0040496 1.2513134 1.2570976 1.2748821 1.2758270 1.3853112 0.0060486 0.0081093 1.5737817 1.2736392 0.0060436 0.0080748 0.0060436 1.2014189 
Vibrio_phage_VpKK5                             0.6503056 1.6124278 0.0000000 0.3062704 0.6500492 0.5598986 0.3062704 1.6193986 0.5598986 0.5763250 0.6488567 0.6503056 0.7001140 1.5956056 1.6294332 0.0503281 0.6500492 1.5890208 1.5927947 1.5890208 0.5776458 
Vibrio_phage_1.207.B._10N.222.51.C2            0.6234147 1.5895215 0.3062704 0.0000000 0.6231255 0.6403696 0.0000010 1.6229928 0.6403696 0.6427549 0.6277350 0.6234147 0.7052760 1.6155560 1.5961091 0.3084104 0.6231255 1.6090622 1.6128255 1.6090622 0.6439309 
Vibrio_phage_vB_VpS_CA8                        0.0039965 1.2736392 0.6500492 0.6231255 0.0000000 0.2626940 0.6231255 1.2782419 0.2626940 0.2784519 0.0040151 0.0019953 0.7116442 1.2765098 1.2796530 0.6144227 0.0000010 1.2743588 1.2789519 1.2743588 0.2624910 
Vibrio_phage_vB_VpaS_CHI                       0.2628636 1.2513134 0.5598986 0.6403696 0.2626940 0.0000000 0.6403696 1.2449798 0.0000010 0.0264525 0.2669380 0.2648875 0.6442477 1.2592379 1.2633698 0.5664598 0.2626940 1.2515350 1.2560153 1.2515350 0.0267769 
Vibrio_phage_1.117.O._10N.261.45.E9            0.6234147 1.5895215 0.3062704 0.0000010 0.6231255 0.6403696 0.0000000 1.6229928 0.6403696 0.6427549 0.6277350 0.6234147 0.7052760 1.6155560 1.5961091 0.3084104 0.6231255 1.6090622 1.6128255 1.6090622 0.6439309 
Escherichia_phage_GottfriedDienst_strain_Bas21 1.2804278 0.0040496 1.6193986 1.6229928 1.2782419 1.2449798 1.6229928 0.0000000 1.2449798 1.2506240 1.2794951 1.2804278 1.3650983 0.0101470 0.0081289 1.5808187 1.2782419 0.0101385 0.0080942 0.0101385 1.1956557 
Vibrio_phage_vB_VpaS_ALK                       0.2628636 1.2513134 0.5598986 0.6403696 0.2626940 0.0000010 0.6403696 1.2449798 0.0000000 0.0264525 0.2669380 0.2648875 0.6442477 1.2592379 1.2633698 0.5664598 0.2626940 1.2515350 1.2560153 1.2515350 0.0267769 
Vibrio_phage_vB_VhaS-tm                        0.2785056 1.2570976 0.5763250 0.6427549 0.2784519 0.0264525 0.6427549 1.2506240 0.0264525 0.0000000 0.2828249 0.2806444 0.6470324 1.2672330 1.2693497 0.5851280 0.2784519 1.2594521 1.2639757 1.2594521 0.0288006 
Vibrio_phage_V07                               0.0040209 1.2748821 0.6488567 0.6277350 0.0040151 0.2669380 0.6277350 1.2794951 0.2669380 0.2828249 0.0000000 0.0020074 0.7098464 1.2777604 1.2809163 0.6132780 0.0040151 1.2756019 1.2802052 1.2756019 0.2667891 
Vibrio_phage_PH669_Scaffold1_genomic_sequence  0.0019981 1.2758270 0.6503056 0.6234147 0.0019953 0.2648875 0.6234147 1.2804278 0.2648875 0.2806444 0.0020074 0.0000000 0.7118304 1.2786986 1.2818506 0.6147179 0.0019953 1.2765438 1.2811351 1.2765438 0.2647129 
Alteromonas_phage_vB_AcoS-R7M                  0.7098202 1.3853112 0.7001140 0.7052760 0.7116442 0.6442477 0.7052760 1.3650983 0.6442477 0.6470324 0.7098464 0.7118304 0.0000000 1.3897086 1.3902652 0.7118888 0.7116442 1.3797463 1.3840400 1.3797463 0.6338231 
Escherichia_phage_VogelGryff_strain_Bas25      1.2786986 0.0060486 1.5956056 1.6155560 1.2765098 1.2592379 1.6155560 0.0101470 1.2592379 1.2672330 1.2777604 1.2786986 1.3897086 0.0000000 0.0101200 1.5574185 1.2765098 0.0040371 0.0060698 0.0040371 1.2093680 
Escherichia_phage_Skure                        1.2818506 0.0081093 1.6294332 1.5961091 1.2796530 1.2633698 1.5961091 0.0081289 1.2633698 1.2693497 1.2809163 1.2818506 1.3902652 0.0101200 0.0000000 1.5902914 1.2796530 0.0142069 0.0121528 0.0142069 1.2130725 
UNVERIFIED__Vibrio_phage_GH32                  0.6147179 1.5737817 0.0503281 0.3084104 0.6144227 0.5664598 0.3084104 1.5808187 0.5664598 0.5851280 0.6132780 0.6147179 0.7118888 1.5574185 1.5902914 0.0000000 0.6144227 1.5508581 1.5547532 1.5508581 0.5864927 
Vibrio_phage_vB_VpS_BA3                        0.0039965 1.2736392 0.6500492 0.6231255 0.0000010 0.2626940 0.6231255 1.2782419 0.2626940 0.2784519 0.0040151 0.0019953 0.7116442 1.2765098 1.2796530 0.6144227 0.0000000 1.2743588 1.2789519 1.2743588 0.2624910 
Escherichia_phage_vB_EcoS_OddieOddie           1.2765438 0.0060436 1.5890208 1.6090622 1.2743588 1.2515350 1.6090622 0.0101385 1.2515350 1.2594521 1.2756019 1.2765438 1.3797463 0.0040371 0.0142069 1.5508581 1.2743588 0.0000000 0.0020149 0.0000010 1.2014597 
Escherichia_phage_SeppeHuegi_strain_Bas24      1.2811351 0.0080748 1.5927947 1.6128255 1.2789519 1.2560153 1.6128255 0.0080942 1.2560153 1.2639757 1.2802052 1.2811351 1.3840400 0.0060698 0.0121528 1.5547532 1.2789519 0.0020149 0.0000000 0.0020149 1.2060607 
Escherichia_phage_WildeMaa_strain_Bas23        1.2765438 0.0060436 1.5890208 1.6090622 1.2743588 1.2515350 1.6090622 0.0101385 1.2515350 1.2594521 1.2756019 1.2765438 1.3797463 0.0040371 0.0142069 1.5508581 1.2743588 0.0000010 0.0020149 0.0000000 1.2014597 
Vibrio_phage_pVco-14                           0.2626639 1.2014189 0.5776458 0.6439309 0.2624910 0.0267769 0.6439309 1.1956557 0.0267769 0.0288006 0.2667891 0.2647129 0.6338231 1.2093680 1.2130725 0.5864927 0.2624910 1.2014597 1.2060607 1.2014597 0.0000000 
