13
UNVERIFIED__Vibrio_phage_VspDsh_1             0.0000000 0.0040116 0.5444706 0.2472079 0.2606058 0.5444706 0.5875257 0.0019957 0.0000010 0.5418075 0.2454732 0.2472079 0.0039963 
Vibrio_phage_V07                              0.0040116 0.0000000 0.5481003 0.2510130 0.2645095 0.5481003 0.5879607 0.0020053 0.0040116 0.5410679 0.2493045 0.2510130 0.0040156 
Vibrio_phage_1.207.B._10N.222.51.C2           0.5444706 0.5481003 0.0000000 0.5484022 0.5562527 0.0000010 0.5948411 0.5449295 0.5444706 0.2874689 0.5530972 0.5484022 0.5449295 
Vibrio_phage_vB_VpaS_CHI                      0.2472079 0.2510130 0.5484022 0.0000000 0.0263025 0.5484022 0.5347514 0.2496123 0.2472079 0.4937024 0.0265625 0.0000010 0.2481510 
Vibrio_phage_vB_VhaS-tm                       0.2606058 0.2645095 0.5562527 0.0263025 0.0000000 0.5562527 0.5318066 0.2630276 0.2606058 0.5107770 0.0285698 0.0263025 0.2614950 
Vibrio_phage_1.117.O._10N.261.45.E9           0.5444706 0.5481003 0.0000010 0.5484022 0.5562527 0.0000000 0.5948411 0.5449295 0.5444706 0.2874689 0.5530972 0.5484022 0.5449295 
Alteromonas_phage_vB_AcoS-R7M                 0.5875257 0.5879607 0.5948411 0.5347514 0.5318066 0.5948411 0.0000000 0.5879607 0.5875257 0.5847956 0.5350907 0.5347514 0.5848036 
Vibrio_phage_PH669_Scaffold1_genomic_sequence 0.0019957 0.0020053 0.5449295 0.2496123 0.2630276 0.5449295 0.5879607 0.0000000 0.0019957 0.5422575 0.2478990 0.2496123 0.0019977 
Vibrio_phage_vB_VpS_BA3                       0.0000010 0.0040116 0.5444706 0.2472079 0.2606058 0.5444706 0.5875257 0.0019957 0.0000000 0.5418075 0.2454732 0.2472079 0.0039963 
UNVERIFIED__Vibrio_phage_GH32                 0.5418075 0.5410679 0.2874689 0.4937024 0.5107770 0.2874689 0.5847956 0.5422575 0.5418075 0.0000000 0.5111431 0.4937024 0.5422575 
Vibrio_phage_pVco-14                          0.2454732 0.2493045 0.5530972 0.0265625 0.0285698 0.5530972 0.5350907 0.2478990 0.2454732 0.5111431 0.0000000 0.0265625 0.2464319 
Vibrio_phage_vB_VpaS_ALK                      0.2472079 0.2510130 0.5484022 0.0000010 0.0263025 0.5484022 0.5347514 0.2496123 0.2472079 0.4937024 0.0265625 0.0000000 0.2481510 
Vibrio_phage_vB_VpaS_AL-2                     0.0039963 0.0040156 0.5449295 0.2481510 0.2614950 0.5449295 0.5848036 0.0019977 0.0039963 0.5422575 0.2464319 0.2481510 0.0000000 
