21
Escherichia_phage_vB_EcoS_SA126VB              0.0000000 0.0060485 1.1113711 1.2601883 1.4063538 0.0060438 0.0060438 1.0560847 1.4063538 1.1106308 1.1106308 1.1133282 0.0080738 0.0040476 1.3929578 1.0984737 1.0984737 1.3704681 1.1133282 0.0081049 1.0958267 
Escherichia_phage_VogelGryff_strain_Bas25      0.0060485 0.0000000 1.1160272 1.2676830 1.4106611 0.0040363 0.0040363 1.0575470 1.4106611 1.1152673 1.1152673 1.1179759 0.0060676 0.0101417 1.4037651 1.0996633 1.0996633 1.3807310 1.1179759 0.0101168 1.0990860 
Vibrio_phage_V07                               1.1113711 1.1160272 0.0000000 0.6897333 0.6140854 1.1132057 1.1132057 0.2619408 0.6140854 0.0040139 0.0040139 0.0040192 1.1181080 1.1162797 0.6222022 0.2620516 0.2620516 0.5897795 0.0020068 1.1199460 0.2774847 
Alteromonas_phage_vB_AcoS-R7M                  1.2601883 1.2676830 0.6897333 0.0000000 0.6772141 1.2511499 1.2511499 0.6042360 0.6772141 0.6918775 0.6918775 0.6893395 1.2566980 1.2439993 0.6659865 0.6105757 0.6105757 0.6716815 0.6922003 1.2692573 0.6209134 
Vibrio_phage_2.117.O._10N.261.45.E9            1.4063538 1.4106611 0.6140854 0.6772141 0.0000000 1.4006148 1.4006148 0.6239536 0.0000010 0.6086766 0.6086766 0.6090833 1.4062263 1.4383626 0.2999420 0.6180488 0.6180488 0.3017982 0.6090833 1.4161451 0.6212070 
Escherichia_phage_vB_EcoS_OddieOddie           0.0060438 0.0040363 1.1132057 1.2511499 1.4006148 0.0000000 0.0000010 1.0473728 1.4006148 1.1124592 1.1124592 1.1151557 0.0020146 0.0101337 1.3934157 1.0892818 1.0892818 1.3705369 1.1151557 0.0141997 1.0888157 
Escherichia_phage_WildeMaa_strain_Bas23        0.0060438 0.0040363 1.1132057 1.2511499 1.4006148 0.0000010 0.0000000 1.0473728 1.4006148 1.1124592 1.1124592 1.1151557 0.0020146 0.0101337 1.3934157 1.0892818 1.0892818 1.3705369 1.1151557 0.0141997 1.0888157 
Vibrio_phage_pVco-14                           1.0560847 1.0575470 0.2619408 0.6042360 0.6239536 1.0473728 1.0473728 0.0000000 0.6239536 0.2578120 0.2578120 0.2579783 1.0520472 1.0533412 0.5548835 0.0267107 0.0267107 0.5644721 0.2599374 1.0632445 0.0287295 
Vibrio_phage_1.207.B._10N.222.51.C2            1.4063538 1.4106611 0.6140854 0.6772141 0.0000010 1.4006148 1.4006148 0.6239536 0.0000000 0.6086766 0.6086766 0.6090833 1.4062263 1.4383626 0.2999420 0.6180488 0.6180488 0.3017982 0.6090833 1.4161451 0.6212070 
Vibrio_phage_vB_VpS_BA3                        1.1106308 1.1152673 0.0040139 0.6918775 0.6086766 1.1124592 1.1124592 0.2578120 0.6086766 0.0000000 0.0000010 0.0039963 1.1173411 1.1155190 0.6238143 0.2579878 0.2579878 0.5912787 0.0019954 1.1191668 0.2733027 
UNVERIFIED__Vibrio_phage_VspDsh_1              1.1106308 1.1152673 0.0040139 0.6918775 0.6086766 1.1124592 1.1124592 0.2578120 0.6086766 0.0000010 0.0000000 0.0039963 1.1173411 1.1155190 0.6238143 0.2579878 0.2579878 0.5912787 0.0019954 1.1191668 0.2733027 
Vibrio_phage_vB_VpaS_AL-2                      1.1133282 1.1179759 0.0040192 0.6893395 0.6090833 1.1151557 1.1151557 0.2579783 0.6090833 0.0039963 0.0039963 0.0000000 1.1200484 1.1182272 0.6241890 0.2581503 0.2581503 0.5916811 0.0019980 1.1218943 0.2733291 
Escherichia_phage_SeppeHuegi_strain_Bas24      0.0080738 0.0060676 1.1181080 1.2566980 1.4062263 0.0020146 0.0020146 1.0520472 1.4062263 1.1173411 1.1173411 1.1200484 0.0000000 0.0080916 1.3989358 1.0940802 1.0940802 1.3760169 1.1200484 0.0121485 1.0935624 
Escherichia_phage_GottfriedDienst_strain_Bas21 0.0040476 0.0101417 1.1162797 1.2439993 1.4383626 0.0101337 0.0101337 1.0533412 1.4383626 1.1155190 1.1155190 1.1182272 0.0080916 0.0000000 1.4018550 1.0952713 1.0952713 1.3792488 1.1182272 0.0081229 1.0926894 
Vibrio_phage_VpKK5                             1.3929578 1.4037651 0.6222022 0.6659865 0.2999420 1.3934157 1.3934157 0.5548835 0.2999420 0.6238143 0.6238143 0.6241890 1.3989358 1.4018550 0.0000000 0.5395699 0.5395699 0.0501064 0.6241890 1.4020041 0.5539737 
Vibrio_phage_vB_VpaS_CHI                       1.0984737 1.0996633 0.2620516 0.6105757 0.6180488 1.0892818 1.0892818 0.0267107 0.6180488 0.2579878 0.2579878 0.2581503 1.0940802 1.0952713 0.5395699 0.0000000 0.0000010 0.5465837 0.2600791 1.1058360 0.0264053 
Vibrio_phage_vB_VpaS_ALK                       1.0984737 1.0996633 0.2620516 0.6105757 0.6180488 1.0892818 1.0892818 0.0267107 0.6180488 0.2579878 0.2579878 0.2581503 1.0940802 1.0952713 0.5395699 0.0000010 0.0000000 0.5465837 0.2600791 1.1058360 0.0264053 
UNVERIFIED__Vibrio_phage_GH32                  1.3704681 1.3807310 0.5897795 0.6716815 0.3017982 1.3705369 1.3705369 0.5644721 0.3017982 0.5912787 0.5912787 0.5916811 1.3760169 1.3792488 0.0501064 0.5465837 0.5465837 0.0000000 0.5916811 1.3793605 0.5635079 
Vibrio_phage_PH669_Scaffold1_genomic_sequence  1.1133282 1.1179759 0.0020068 0.6922003 0.6090833 1.1151557 1.1151557 0.2599374 0.6090833 0.0019954 0.0019954 0.0019980 1.1200484 1.1182272 0.6241890 0.2600791 0.2600791 0.5916811 0.0000000 1.1218943 0.2753746 
Escherichia_phage_Skure                        0.0081049 0.0101168 1.1199460 1.2692573 1.4161451 0.0141997 0.0141997 1.0632445 1.4161451 1.1191668 1.1191668 1.1218943 0.0121485 0.0081229 1.4020041 1.1058360 1.1058360 1.3793605 1.1218943 0.0000000 1.1030929 
Vibrio_phage_vB_VhaS-tm                        1.0958267 1.0990860 0.2774847 0.6209134 0.6212070 1.0888157 1.0888157 0.0287295 0.6212070 0.2733027 0.2733027 0.2733291 1.0935624 1.0926894 0.5539737 0.0264053 0.0264053 0.5635079 0.2753746 1.1030929 0.0000000 
