21
Vibrio_phage_V07                               0.0000000 1.0530204 0.5779931 0.5838302 1.0515967 0.2679579 1.0515967 0.0040249 0.2712439 0.0040179 0.6096268 0.2712439 1.0491788 0.0040179 0.0020090 1.0528827 0.5779931 0.2851097 1.0553465 1.0505936 0.6351330 
Escherichia_phage_SeppeHuegi_strain_Bas24      1.0530204 0.0000000 1.2406987 1.2343326 0.0020157 0.9902694 0.0020157 1.0555892 1.0092987 1.0531294 1.2438309 1.0092987 0.0080792 1.0531294 1.0555892 0.0060752 1.2406987 1.0244715 0.0121675 0.0081021 1.1017713 
Vibrio_phage_2.117.O._10N.261.45.E9            0.5779931 1.2406987 0.0000000 0.3113899 1.2385380 0.5836340 1.2385380 0.5752443 0.5824179 0.5748185 0.3075557 0.5824179 1.2384553 0.5748185 0.5752443 1.2462867 0.0000010 0.5849835 1.2432397 1.2547575 0.6537247 
UNVERIFIED__Vibrio_phage_GH32                  0.5838302 1.2343326 0.3113899 0.0000000 1.2321646 0.5481734 1.2321646 0.5851509 0.5288704 0.5847374 0.0507994 0.5288704 1.2343518 0.5847374 0.5851509 1.2405099 0.3113899 0.5484746 1.2434334 1.2385087 0.6432195 
Aeromonas_phage_SD04                           1.0515967 0.0020157 1.2385380 1.2321646 0.0000000 0.9890377 0.0000010 1.0541563 1.0080178 1.0517048 1.2416305 1.0080178 0.0060443 1.0517048 1.0541563 0.0040391 1.2385380 1.0231557 0.0142298 0.0101525 1.1000830 
Vibrio_phage_pVco-14                           0.2679579 0.9902694 0.5836340 0.5481734 0.9890377 0.0000000 0.9890377 0.2654040 0.0269251 0.2636870 0.5413824 0.0269251 0.9948325 0.2636870 0.2667462 0.9956983 0.5836340 0.0289608 1.0026270 0.9948102 0.5916512 
Escherichia_phage_WildeMaa_strain_Bas23        1.0515967 0.0020157 1.2385380 1.2321646 0.0000010 0.9890377 0.0000000 1.0541563 1.0080178 1.0517048 1.2416305 1.0080178 0.0060443 1.0517048 1.0541563 0.0040391 1.2385380 1.0231557 0.0142298 0.0101525 1.1000830 
Vibrio_phage_vB_VpaS_AL-2                      0.0040249 1.0555892 0.5752443 0.5851509 1.0541563 0.2654040 1.0541563 0.0000000 0.2686768 0.0039971 0.6110421 0.2686768 1.0517272 0.0039971 0.0019986 1.0554515 0.5752443 0.2824794 1.0579285 1.0531511 0.6349543 
Vibrio_phage_vB_VpaS_ALK                       0.2712439 1.0092987 0.5824179 0.5288704 1.0080178 0.0269251 1.0080178 0.2686768 0.0000000 0.2669579 0.5235934 0.0000010 1.0141189 0.2669579 0.2700247 1.0148938 0.5824179 0.0265774 1.0220141 1.0141354 0.6018360 
Vibrio_phage_vB_VpS_BA3                        0.0040179 1.0531294 0.5748185 0.5847374 1.0517048 0.2636870 1.0517048 0.0039971 0.2669579 0.0000000 0.6106210 0.2669579 1.0492855 0.0000010 0.0019951 1.0529916 0.5748185 0.2807460 1.0554569 1.0507012 0.6360703 
Vibrio_phage_VpKK5                             0.6096268 1.2438309 0.3075557 0.0507994 1.2416305 0.5413824 1.2416305 0.6110421 0.5235934 0.6106210 0.0000000 0.5235934 1.2436571 0.6106210 0.6110421 1.2500448 0.3075557 0.5416771 1.2527360 1.2478546 0.6247263 
Vibrio_phage_vB_VpaS_CHI                       0.2712439 1.0092987 0.5824179 0.5288704 1.0080178 0.0269251 1.0080178 0.2686768 0.0000010 0.2669579 0.5235934 0.0000000 1.0141189 0.2669579 0.2700247 1.0148938 0.5824179 0.0265774 1.0220141 1.0141354 0.6018360 
Escherichia_phage_vB_EcoS_SA126VB              1.0491788 0.0080792 1.2384553 1.2343518 0.0060443 0.9948325 0.0060443 1.0517272 1.0141189 1.0492855 1.2436571 1.0141189 0.0000000 1.0492855 1.0517272 0.0060498 1.2384553 1.0271314 0.0081199 0.0040545 1.1083292 
Vibrio_phage_vB_VpS_CA8                        0.0040179 1.0531294 0.5748185 0.5847374 1.0517048 0.2636870 1.0517048 0.0039971 0.2669579 0.0000010 0.6106210 0.2669579 1.0492855 0.0000000 0.0019951 1.0529916 0.5748185 0.2807460 1.0554569 1.0507012 0.6360703 
Vibrio_phage_PH669_Scaffold1_genomic_sequence  0.0020090 1.0555892 0.5752443 0.5851509 1.0541563 0.2667462 1.0541563 0.0019986 0.2700247 0.0019951 0.6110421 0.2700247 1.0517272 0.0019951 0.0000000 1.0554515 0.5752443 0.2838551 1.0579285 1.0531511 0.6365113 
Escherichia_phage_VogelGryff_strain_Bas25      1.0528827 0.0060752 1.2462867 1.2405099 0.0040391 0.9956983 0.0040391 1.0554515 1.0148938 1.0529916 1.2500448 1.0148938 0.0060498 1.0529916 1.0554515 0.0000000 1.2462867 1.0301626 0.0101301 0.0101617 1.1144771 
Vibrio_phage_1.117.O._10N.261.45.E9            0.5779931 1.2406987 0.0000010 0.3113899 1.2385380 0.5836340 1.2385380 0.5752443 0.5824179 0.5748185 0.3075557 0.5824179 1.2384553 0.5748185 0.5752443 1.2462867 0.0000000 0.5849835 1.2432397 1.2547575 0.6537247 
Vibrio_phage_vB_VhaS-tm                        0.2851097 1.0244715 0.5849835 0.5484746 1.0231557 0.0289608 1.0231557 0.2824794 0.0265774 0.2807460 0.5416771 0.0265774 1.0271314 0.2807460 0.2838551 1.0301626 0.5849835 0.0000000 1.0350475 1.0271746 0.5942704 
Escherichia_phage_Skure                        1.0553465 0.0121675 1.2432397 1.2434334 0.0142298 1.0026270 0.0142298 1.0579285 1.0220141 1.0554569 1.2527360 1.0220141 0.0081199 1.0554569 1.0579285 0.0101301 1.2432397 1.0350475 0.0000000 0.0081431 1.1143693 
Escherichia_phage_GottfriedDienst_strain_Bas21 1.0505936 0.0081021 1.2547575 1.2385087 0.0101525 0.9948102 0.0101525 1.0531511 1.0141354 1.0507012 1.2478546 1.0141354 0.0040545 1.0507012 1.0531511 0.0101617 1.2547575 1.0271746 0.0081431 0.0000000 1.0976141 
Alteromonas_phage_vB_AcoS-R7M                  0.6351330 1.1017713 0.6537247 0.6432195 1.1000830 0.5916512 1.1000830 0.6349543 0.6018360 0.6360703 0.6247263 0.6018360 1.1083292 0.6360703 0.6365113 1.1144771 0.6537247 0.5942704 1.1143693 1.0976141 0.0000000 
