15
Vibrio_phage_vB_VpaP_KF2           0.0000000 0.0863213 0.0000010 0.0212484 0.0862988 0.1078089 0.0212484 0.1732426 0.1732426 0.0425405 0.0218761 0.0644647 0.0644647 0.0214800 0.0425405 
Vibrio_phage_vB_VpP_DE18           0.0863213 0.0000000 0.0863213 0.0644055 0.1305199 0.0865592 0.0644055 0.2174450 0.2174450 0.0858826 0.1117877 0.0645727 0.0645727 0.0873874 0.0858826 
Vibrio_phage_vB_VpP_HA5            0.0000010 0.0863213 0.0000000 0.0212484 0.0862988 0.1078089 0.0212484 0.1732426 0.1732426 0.0425405 0.0218761 0.0644647 0.0644647 0.0214800 0.0425405 
Vibrio_phage_vB_VpP_NS8            0.0212484 0.0644055 0.0212484 0.0000000 0.0643893 0.0858540 0.0000010 0.1511198 0.1511198 0.0211490 0.0440315 0.0427409 0.0427409 0.0214890 0.0211490 
Vibrio_phage_vB_VpaP_GHSM17        0.0862988 0.1305199 0.0862988 0.0643893 0.0000000 0.1088060 0.0643893 0.2173574 0.2173574 0.0858603 0.0903179 0.1083742 0.1083742 0.0873642 0.0858603 
Vibrio_phage_vB_VpP_FE11           0.1078089 0.0865592 0.1078089 0.0858540 0.1088060 0.0000000 0.0858540 0.2379388 0.2379388 0.1072505 0.1127932 0.0424968 0.0424968 0.1091667 0.1072505 
UNVERIFIED_ORG__Vibrio_phage_SSJ01 0.0212484 0.0644055 0.0212484 0.0000010 0.0643893 0.0858540 0.0000000 0.1511198 0.1511198 0.0211490 0.0440315 0.0427409 0.0427409 0.0214890 0.0211490 
Vibrio_phage_vB_VpaP_C2            0.1732426 0.2174450 0.1732426 0.1511198 0.2173574 0.2379388 0.1511198 0.0000000 0.0000010 0.1722888 0.2015871 0.1953741 0.1953741 0.1755705 0.1722888 
Vibrio_phage_vB_VpaP_M3            0.1732426 0.2174450 0.1732426 0.1511198 0.2173574 0.2379388 0.1511198 0.0000010 0.0000000 0.1722888 0.2015871 0.1953741 0.1953741 0.1755705 0.1722888 
Vibrio_phage_vB_VpP_AC2            0.0425405 0.0858826 0.0425405 0.0211490 0.0858603 0.1072505 0.0211490 0.1722888 0.1722888 0.0000000 0.0660949 0.0641454 0.0641454 0.0430350 0.0000010 
Vibrio_phage_vB_VpaP_1701          0.0218761 0.1117877 0.0218761 0.0440315 0.0903179 0.1127932 0.0440315 0.2015871 0.2015871 0.0660949 0.0000000 0.0890526 0.0890526 0.0445431 0.0660949 
Vibrio_phage_vB_VpaP_KF1           0.0644647 0.0645727 0.0644647 0.0427409 0.1083742 0.0424968 0.0427409 0.1953741 0.1953741 0.0641454 0.0890526 0.0000000 0.0000010 0.0652400 0.0641454 
Vibrio_phage_vB_VpP_DE17           0.0644647 0.0645727 0.0644647 0.0427409 0.1083742 0.0424968 0.0427409 0.1953741 0.1953741 0.0641454 0.0890526 0.0000010 0.0000000 0.0652400 0.0641454 
Vibrio_phage_VP93                  0.0214800 0.0873874 0.0214800 0.0214890 0.0873642 0.1091667 0.0214890 0.1755705 0.1755705 0.0430350 0.0445431 0.0652400 0.0652400 0.0000000 0.0430350 
vB_VpP_AC2_0                       0.0425405 0.0858826 0.0425405 0.0211490 0.0858603 0.1072505 0.0211490 0.1722888 0.1722888 0.0000010 0.0660949 0.0641454 0.0641454 0.0430350 0.0000000 
