13
Vibrio_phage_vB_Vc_SrVc2    0.0000000 0.0588285 0.0000010 0.1804090 0.0588285 0.1174579 0.0607283 0.2417052 0.1804090 0.0639450 0.2962318 0.2413546 0.1174579 
Vibrio_phage_BUCT233        0.0588285 0.0000000 0.0588285 0.1190754 0.0000010 0.0579979 0.0608026 0.1801425 0.1190754 0.1300392 0.2367959 0.1797867 0.0579979 
Vibrio_phage_vB_VpaP_KF2    0.0000010 0.0588285 0.0000000 0.1804090 0.0588285 0.1174579 0.0607283 0.2417052 0.1804090 0.0639450 0.2962318 0.2413546 0.1174579 
Vibrio_phage_vB_VpaP_KF1    0.1804090 0.1190754 0.1804090 0.0000000 0.1190754 0.1775306 0.1874536 0.3023094 0.0000010 0.2650288 0.1169219 0.1813323 0.1775306 
Vibrio_phage_SSJ01          0.0588285 0.0000010 0.0588285 0.1190754 0.0000000 0.0579979 0.0608026 0.1801425 0.1190754 0.1300392 0.2367959 0.1797867 0.0579979 
Vibrio_phage_vB_VpP_AC2     0.1174579 0.0579979 0.1174579 0.1775306 0.0579979 0.0000000 0.1216465 0.2376647 0.1775306 0.1940093 0.2912590 0.2373179 0.0000010 
Vibrio_phage_VP93           0.0607283 0.0608026 0.0607283 0.1874536 0.0608026 0.1216465 0.0000000 0.2517526 0.1874536 0.1351033 0.3087415 0.2513942 0.1216465 
Vibrio_phage_vB_VpaP_GHSM17 0.2417052 0.1801425 0.2417052 0.3023094 0.1801425 0.2376647 0.2517526 0.0000000 0.3023094 0.2753331 0.3062618 0.3616537 0.2376647 
Vibrio_phage_vB_VpP_DE17    0.1804090 0.1190754 0.1804090 0.0000010 0.1190754 0.1775306 0.1874536 0.3023094 0.0000000 0.2650288 0.1169219 0.1813323 0.1775306 
Vibrio_phage_vB_VpaP_1701   0.0639450 0.1300392 0.0639450 0.2650288 0.1300392 0.1940093 0.1351033 0.2753331 0.2650288 0.0000000 0.3358068 0.3317669 0.1940093 
Vibrio_phage_vB_VpP_FE11    0.2962318 0.2367959 0.2962318 0.1169219 0.2367959 0.2912590 0.3087415 0.3062618 0.1169219 0.3358068 0.0000000 0.2431708 0.2912590 
Vibrio_phage_vB_VpP_DE18    0.2413546 0.1797867 0.2413546 0.1813323 0.1797867 0.2373179 0.2513942 0.3616537 0.1813323 0.3317669 0.2431708 0.0000000 0.2373179 
vB_VpP_AC2_0                0.1174579 0.0579979 0.1174579 0.1775306 0.0579979 0.0000010 0.1216465 0.2376647 0.1775306 0.1940093 0.2912590 0.2373179 0.0000000 
