12
Vibrio_phage_vB_VpP_HA1   0.0000000 0.1448942 0.0000010 0.1424538 0.2194318 0.0715040 0.2194318 0.0715040 0.0792462 0.1486944 0.0743741 0.1424538 
Vibrio_phage_TCU_VP01_ZB  0.1448942 0.0000000 0.1448942 0.1421743 0.2192752 0.0712925 0.2192752 0.0712925 0.1431329 0.1484029 0.1515522 0.1421743 
Vibrio_phage_vB_VpaP_MGD1 0.0000010 0.1448942 0.0000000 0.1424538 0.2194318 0.0715040 0.2194318 0.0715040 0.0792462 0.1486944 0.0743741 0.1424538 
Vibrio_phage_vB_VpP_AC2   0.1424538 0.1421743 0.1424538 0.0000000 0.2150583 0.0702601 0.2150583 0.0702601 0.2400035 0.1458215 0.1488333 0.0000010 
Vibrio_phage_vB_VpP_DE17  0.2194318 0.2192752 0.2194318 0.2150583 0.0000000 0.1448961 0.0000010 0.1448961 0.3285631 0.2250777 0.2303677 0.2150583 
Vibrio_phage_vB_VpP_NS8   0.0715040 0.0712925 0.0715040 0.0702601 0.1448961 0.0000000 0.1448961 0.0000010 0.1616440 0.0731105 0.0744874 0.0702601 
Vibrio_phage_vB_VpaP_KF1  0.2194318 0.2192752 0.2194318 0.2150583 0.0000010 0.1448961 0.0000000 0.1448961 0.3285631 0.2250777 0.2303677 0.2150583 
Vibrio_phage_OY1          0.0715040 0.0712925 0.0715040 0.0702601 0.1448961 0.0000010 0.1448961 0.0000000 0.1616440 0.0731105 0.0744874 0.0702601 
Vibrio_phage_vB_VpaP_1701 0.0792462 0.1431329 0.0792462 0.2400035 0.3285631 0.1616440 0.3285631 0.1616440 0.0000000 0.2529477 0.1698560 0.2400035 
Vibrio_phage_VP17802      0.1486944 0.1484029 0.1486944 0.1458215 0.2250777 0.0731105 0.2250777 0.0731105 0.2529477 0.0000000 0.1557525 0.1458215 
Vibrio_phage_VP93         0.0743741 0.1515522 0.0743741 0.1488333 0.2303677 0.0744874 0.2303677 0.0744874 0.1698560 0.1557525 0.0000000 0.1488333 
vB_VpP_AC2_0              0.1424538 0.1421743 0.1424538 0.0000010 0.2150583 0.0702601 0.2150583 0.0702601 0.2400035 0.1458215 0.1488333 0.0000000 
